1267
1862
1801
1803
2163
1151
1694
1463
1639
2097
1897
2053
2052
1476
1829
2210
1998
1988
1259
2318
1931
1111
1880
1004
1948
1387
1800
1877
1271
1705
1331
1535
1392
2057
1307
1184
1067
1677
947
982
1103
717
1366
2658
941
2012
1905
1705
1473
1961
791
1825
1029
1959
1716
1458
1615
2201
1982
1852
898
1540
1613
1029
1592
1849
801
2076
2457
1764
1363
1907
1881
1166
1431
1262
1674
1776
1088
1229
1957
1287
1744
1262
1431
1211
1958
1253
1455
815
1868
1777
1723
2206
1398
2184
1450
1800
1143
1178
1392
1724
1745
1345
1297
1287
1172
2088
884
2071
1616
1099
1650
1661
1902
1811
1179
1929
2186
1326
2249
1385
1195
2138
1630
941
1543
1676
934
2095
2046
1727
1751
1542
1643
1009
1833
1726
1202
1062
1939
832
1696
1734
1680
1942
951
1541
2322
1665
1602
1794
2232
2055
1480
2399
1880
822
1641
1194
898
896
1047
1719
2222
1453
2000
2037
1197
2120
1915
911
2165
1844
919
1703
1730
1944
1336
2165
1903
1823
1588
1691
2072
1812
1119
1734
2027
1437
2017
2179
2115
1993
1327
2053
1822
1295
1864
1703
1283
909
1750
1014
2166
1220
1768
1287
1908
1132
1469
877
1173
1724
1495
1954
2168
1832
1183
1814
805
1218
1271
1687
786
896
1888
1317
1730
1679
2065
1185
1219
1437
1774
2043
2067
1584
1057
1514
1842
1018
1466
1676
1237
1848
1885
1753
1675
2080
1308
1840
1598
1320
2168
1836
1719
1295
1108
1677
1589
2204
1851
2032
2382
1631
1252
1020
1953
1062
1556
1761
1421
1866
2038
1034
2000
1976
1710
1043
1310
1327
2027
1677
1208
1804
1993
1873
1854
1433
891
2047
1970
1465
1756
1416
1828
1419
1626
1345
1545
1885
1964
1299
1809
1505
843
1466
1831
1654
1237
1518
1433
1868
1521
1780
2115
1737
1214
1790
2080
1346
2147
1885
1752
1311
905
1001
1044
1268
1815
911
1264
1383
1842
1697
1725
2090
1741
1541
1770
2020
2148
2095
2025
2165
886
1866
1417
1952
1560
2515
1571
1281
1573
1229
1716
2202
2308
1880
1014
2008
2107
1390
1128
2190
1996
1892
2106
1669
1903
2042
2156
1246
2107
1960
1019
1708
2245
2021
1170
1921
1797
1695
1653
1410
2480
1606
1887
983
1377
1684
1934
1589
1910
1312
1256
1872
1820
1753
1821
1570
2325
1155
1441
892
1447
1820
2186
1895
1283
2294
1360
2153
2183
1144
2033
1772
1714
1965
2116
2056
2058
2015
1564
1573
1064
1462
1059
1150
1139
1799
2088
2114
1450
1463
2010
1514
2222
1970
968
1886
2076
2010
1606
994
2304
1604
1551
1489
1730
1426
1509
1649
2306
1758
2230
1855
2046
1629
1374
1349
1142
889
1781
1413
1639
1947
1900
2184
2110
1148
1847
1808
1131
1723
1358
1682
1741
1167
2347
1941
1553
1579
1749
1939
1466
1817
1222
1281
1436
1747
1891
2327
1327
1419
1335
2191
1792
1678
1543
1055
1550
1893
1101
1902
1513
1433
2017
930
925
2165
2069
2088
1535
1144
1287
1179
1678
1904
2163
1289
1616
1204
1535
1700
1839
1273
1873
1224
2112
1372
1694
1429
1785
1642
2253
1194
1773
1737
2160
1020
835
2004
1941
1175
1265
888
1815
1561
1955
1469
1346
2119
1739
1478
1660
1834
1425
1115
1574
1972
1461
1413
1372
2029
1754
2221
1160
1470
1512
1386
1875
1959
1057
1638
1867
1743
1835
1869
1454
1232
1407
1960
1815
1574
1147
1310
1905
1282
1054
1105
1830
1280
1921
1097
1525
2087
1112
2079
1781
1942
693
1983
1443
1497
1926
1144
1946
995
1659
1008
2339
2038
1312
1559
1702
1697
1693
1860
1739
1713
2116
1967
1418
1329
1651
1740
1302
1982
2375
1762
1806
1953
2178
1742
1321
1943
1345
1928
1578
1071
1049
1875
1726
1666
2092
2130
1793
1877
2003
1433
1052
1779
1697
1526
1669
968
1317
1566
2154
1220
1794
1260
1354
1092
1526
1160
1989
1140
1821
2059
1478
2024
2087
1399
2083
1396
1921
1942
1617
847
1851
1807
1931
1957
1216
1280
1686
2459
2177
927
2210
1131
1779
1874
1787
1383
690
1921
1740
1261
1754
1619
1256
1670
1209
1270
1914
1129
1968
1837
1176
1613
1799
2132
1780
1794
1132
1128
1287
1907
1859
2213
1136
2299
1181
1325
913
1419
1317
2462
1822
2133
1957
1551
2040
1984
1369
1840
1910
1801
1883
1880
1731
1484
1357
2117
1031
1867
1683
669
1768
1033
1007
1361
2006
2168
1979
1863
1546
2280
1563
1217
1921
1135
1682
1227
1529
1530
1156
1328
2314
1251
1610
1531
1379
1523
1941
1307
1613
1743
1246
2308
2369
1624
1286
1719
1440
1439
1787
867
1835
1006
2100
1285
1662
2025
1648
1529
1525
1807
1955
2083
2041
1417
1913
1884
2253
1895
1468
2196
2054
1865
2070
886
1944
1781
1201
1239
1482
779
1308
1370
1637
1532
1698
1467
1743
1777
1618
1414
1237
2124
1850
1918
1764
863
1395
1501
1342
1942
2142
1810
2122
1582
2004
1170
1356
1851
1933
1736
945
1954
1649
1232
1450
1874
1603
1734
1669
1524
1834
1108
1100
1983
1884
1593
2110
1562
1382
2177
1547
1648
1470
1786
1301
1104
1932
1985
1790
1923
1767
2007
2180
2003
1837
1506
1962
1371
1080
1841
1003
2076
1431
1400
1754
1637
1608
1937
1893
1021
1705
2060
1863
1521
1604
1652
1230
1414
1831
1335
2318
1682
953
1949
1310
1707
1493
1859
2099
1466
1884
1420
1405
2006
1318
1881
1844
1934
1534
1997
2138
949
1470
1197
1719
1011
1457
1995
1470
2189
1752
1565
1382
1590
1413
1452
1152
789
1533
1197
2290
1554
886
1873
1102
1961
2050
1786
1118
1155
1047
1420
1337
2259
1286
1370
1538
1128
1821
1627
1241
1375
1972
1244
1200
1033
1115
2003
2016
2130
1891
1747
1423
1909
2300
1366
1148
1501
1021
2049
1590
2022
1889
1910
1233
1754
828
1810
1785
1775
1458
1204
1797
1910
1596
1894
2424
1796
1618
931
1863
2226
1177
1537
1647
1498
1038
1045
1215
1763
1524
1265
1550
2126
1162
1473
1845
2284
2086
2081
1045
1362
909
1745
1941
1645
1533
1516
1249
1993
1361
1591
1612
1111
1361
1378
1597
1717
1208
2022
1630
2177
1874
1556
1790
1004
1941
1693
1493
2166
2017
1230
1989
1006
1750
1915
1480
2285
1443
1188
1817
1379
1523
1154
1811
1743
2119
1376
1321
1746
1674
2153
1633
1028
1940
1273
2420
1860
1382
1548
1951
1472
1916
1471
1382
1733
1007
1471
2084
2273
1905
2096
2205
1926
2596
827
1498
860
1065
1801
1151
1238
1607
2117
959
2389
1987
1826
2001
1662
1701
1500
1473
1756
1699
848
1817
1283
1077
1763
1158
2335
1967
2200
1217
2023
2098
807
1071
2270
2319
1584
2149
1862
1984
1703
1522
2156
1851
1751
1850
1673
1458
1096
1816
1086
1927
1829
1428
1831
2127
2134
1303
1479
1646
933
1795
1830
1196
2385
1839
2002
1784
2274
1367
1452
1757
1550
1900
2011
1681
926
1286
2069
1492
963
2325
2107
830
2040
1863
1670
1293
1729
1699
1833
1720
1379
1349
1975
1372
1809
1972
1998
2142
1547
1708
780
895
1742
1147
1571
1355
1903
1978
970
1152
1600
1166
1356
1836
1870
1514
1277
1246
1758
1850
887
1886
1257
1152
1646
1244
1926
1816
1740
1611
1259
1655
1867
1546
1562
1438
1876
1603
2093
2033
1071
1269
1326
1854
1095
1225
1552
1699
1583
2410
1724
1694
1628
1810
1323
834
2061
1273
2375
1707
1331
2017
1575
886
1904
1983
1723
1638
1170
1229
1698
1432
1874
1993
1169
1514
1120
1402
1386
1966
1872
1493
1445
1167
1104
942
1994
1403
1253
1533
1595
1577
1194
1796
1557
1813
2017
1840
1284
1535
1930
1780
1708
1931
1981
1915
1813
1921
1607
1521
1753
1732
1947
2063
2174
1833
1576
1813
1959
2001
1532
2247
1902
1934
1094
1155
1351
1861
2351
1627
731
1749
1882
1523
1839
1337
1382
1525
1572
974
2223
1768
1751
1381
1344
2043
2011
1273
1894
2079
2025
1758
2001
1017
1792
1243
2203
1979
1886
1030
1797
1927
1670
1743
1517
1370
1082
1246
1920
1744
2046
1861
1341
1943
1443
1458
1145
1165
1186
966
1369
1676
1467
1915
1834
1499
1567
1982
1524
1190
1864
1772
1574
1811
1410
1777
1521
1251
1098
1987
1859
1834
1475
1333
2279
1260
1626
2064
1893
1070
988
2043
1974
1452
1907
2202
1597
1727
1835
1361
843
1501
1066
1856
1406
1210
1828
1132
1870
1411
1579
955
1910
1905
1217
1364
1872
1682
1072
1232
1530
1690
1381
1678
1888
1713
1235
1317
1890
1252
1876
1332
1836
1107
1515
1479
1199
1519
822
1504
1571
1644
1703
1335
2042
1297
1439
2184
2088
1539
2192
1650
933
1691
1678
1695
1896
1987
1077
1183
1668
2132
1904
1763
1255
1970
1845
933
1658
1088
1846
1247
1973
1455
1505
1530
1372
1689
1873
1560
1378
1700
1947
2106
2035
2169
2243
2116
1108
1737
2295
920
1365
853
1438
1016
1278
1811
1247
1875
1730
949
2254
983
2333
1737
1388
1675
1659
764
1591
1289
1520
1683
2198
1643
1608
1263
793
1442
1896
1390
1796
1319
1382
1070
1016
1107
1537
1044
1157
1988
1167
1507
2017
1704
1857
2163
1759
1672
1458
1619
1524
1179
1234
1746
985
1209
2172
1591
1932
1901
1457
1446
1827
1710
1011
1442
1221
2000
1026
1954
1734
1865
2071
1051
1774
1743
944
1710
1529
743
2044
2192
2155
1667
1126
1646
1249
1813
2209
1984
2060
1589
2001
2191
1721
2376
1860
1574
1152
1869
1400
1965
1267
1738
1000
1996
2091
1550
1501
1488
1638
1278
1127
1795
911
886
1640
1264
2020
1954
1839
1760
1370
1652
1896
1847
2303
1711
1321
1627
2070
1226
1586
2463
1693
1269
1297
1910
1912
866
1224
1752
1120
1254
1212
2118
1249
856
2050
1086
1683
1906
871
1327
1842
1598
919
2059
1743
1520
1888
1541
1257
1762
1313
1867
1767
2131
1253
1976
1180
1356
1402
1682
1002
1209
1518
1795
1974
1726
1111
2085
1611
1040
1583
2448
1372
1825
876
2046
2151
1953
1254
1304
1427
1346
1768
1033
1088
1678
1299
2205
1844
1925
1400
2332
2120
1482
1584
1327
1539
2157
1294
1287
1304
1653
1796
1588
1627
1231
1004
1603
2321
1361
1502
1119
911
2124
1236
1107
1549
1418
1717
1577
1818
1086
1872
1524
1692
1728
2088
1517
1280
1240
1189
1515
2129
1373
1519
945
1794
1247
1398
884
1774
1165
1127
1650
2118
1733
2114
1800
1100
1178
1792
1815
942
1907
1574
2073
1881
2165
1919
950
1776
1215
1852
1028
2028
1814
2175
2290
850
1061
1999
917
1891
1205
2022
1855
2013
1733
1758
1274
1282
1754
1943
2066
1952
1006
1152
1743
1367
1991
1864
1433
655
1837
1673
1426
1815
1089
1803
1594
1266
1116
1543
1140
1830
1978
1382
1860
1421
1133
1799
971
1262
1886
2018
1385
1760
1813
1433
1884
1395
1742
993
946
2086
1579
1145
824
1805
1986
1794
1827
1700
1857
1289
1473
1680
1610
2052
1030
2101
1439
1575
1305
1911
927
1207
1549
1276
1961
1204
1785
1818
1045
2019
1876
1685
1717
1964
946
1770
1248
1180
1845
2036
1610
1690
1958
1407
1044
1922
1604
1533
1726
1571
1152
1859
1583
1662
1754
1425
1960
1575
1963
1065
1026
1737
1180
2130
1593
1064
1115
1266
1474
1035
1715
1736
1078
1870
1150
1804
1913
1605
1566
967
1656
1099
1875
1670
1108
826
1777
1249
1463
1254
1842
1107
1243
1856
1402
1310
1278
1111
1651
1611
1190
1051
1555
1478
1517
796
1784
1595
2137
1513
1994
1671
1747
1878
1804
1585
1411
1431
1574
1746
1861
1570
1199
863
1155
757
1879
1195
1238
2241
1238
947
1432
1792
1165
2074
1412
1673
1632
1091
1801
1276
1692
1473
1803
2311
2152
2119
1595
869
1030
805
1467
1721
1940
782
1338
1844
2214
1642
2141
1409
1998
1220
1815
1165
1647
1052
1590
1155
1557
1824
1826
1415
1861
915
1411
1584
1896
2127
1279
1439
1895
1908
1651
1484
1605
2003
2058
1920
1421
1630
1732
1657
1505
1185
1544
622
1413
1338
1878
1731
1865
1765
1867
1658
916
1855
842
1895
1740
2062
1571
1554
1740
1784
1986
1831
1082
1707
2110
1740
1712
1266
1949
1220
1755
1511
1678
1659
1334
1211
1893
1251
1332
1627
1706
1745
1677
1188
1080
1901
1060
1696
1820
1425
1894
1512
1459
873
1806
1547
1473
1536
796
1194
1774
2112
871
1571
1568
1334
1074
1109
2300
1050
1477
1567
2029
911
1308
1612
1754
2200
1061
1471
2144
1679
2197
1930
1966
2013
1974
1363
1672
1617
1748
1779
1716
1078
1196
1658
897
1982
2010
874
1048
1143
1553
1274
2002
1503
793
1162
1798
1581
1166
1459
922
2136
1098
1222
1843
1640
953
1179
1679
2165
1327
1656
1674
1546
1245
2142
1113
1770
1706
1424
1627
1323
1851
1708
1475
1571
1352
1083
888
1506
1915
1817
1574
1611
1477
1086
1940
1609
1626
859
1469
1102
1966
1463
2048
1678
1702
1984
1720
1805
995
1257
1033
1483
1196
1526
1196
1667
1834
1411
916
1491
1560
1954
2295
1850
1878
